# Generated from WorldPainter NoiseHeightMap.getValue(double,double), JDK 17
# kind dHeight scale octaves effectiveSeed x y rawDoubleBits
noise_height_map 128.25000000000000 1.7500000000000000 1 16 -9 5 404eccc7d28f0000
noise_height_map 128.25000000000000 1.7500000000000000 1 16 -8 5 404ec3324c300000
noise_height_map 128.25000000000000 1.7500000000000000 1 16 -7 5 404ebb7db5d10000
noise_height_map 128.25000000000000 1.7500000000000000 1 16 -6 5 404eb581953f0000
noise_height_map 128.25000000000000 1.7500000000000000 1 16 -5 5 404eb11126230000
noise_height_map 128.25000000000000 1.7500000000000000 1 16 -4 5 404eadfc80950000
noise_height_map 128.25000000000000 1.7500000000000000 1 16 -3 5 404eac0b366c0000
noise_height_map 128.25000000000000 1.7500000000000000 1 16 -2 5 404eaafd91dd0000
noise_height_map 128.25000000000000 1.7500000000000000 1 16 -1 5 404eaa8d6fe80000
noise_height_map 128.25000000000000 1.7500000000000000 1 16 0 5 404eaa7149dc0000
noise_height_map 128.25000000000000 1.7500000000000000 1 16 1 5 404eaa71ea2c0000
noise_height_map 128.25000000000000 1.7500000000000000 1 16 2 5 404eaac90da80000
noise_height_map 128.25000000000000 1.7500000000000000 1 16 3 5 404eabc6721b0000
noise_height_map 128.25000000000000 1.7500000000000000 1 16 4 5 404eadb2b9c40000
noise_height_map 128.25000000000000 1.7500000000000000 1 16 5 5 404eb0cfa1710000
noise_height_map 128.25000000000000 1.7500000000000000 1 16 6 5 404eb5584ea60000
noise_height_map 128.25000000000000 1.7500000000000000 1 16 -9 6 404e861b03ca0000
noise_height_map 128.25000000000000 1.7500000000000000 1 16 -8 6 404e7c691b410000
noise_height_map 128.25000000000000 1.7500000000000000 1 16 -7 6 404e749bda930000
noise_height_map 128.25000000000000 1.7500000000000000 1 16 -6 6 404e6e8a7f690000
noise_height_map 128.25000000000000 1.7500000000000000 1 16 -5 6 404e6a07ff490000
noise_height_map 128.25000000000000 1.7500000000000000 1 16 -4 6 404e66e3a1e30000
noise_height_map 128.25000000000000 1.7500000000000000 1 16 -3 6 404e64e505140000
noise_height_map 128.25000000000000 1.7500000000000000 1 16 -2 6 404e63cb90a00000
noise_height_map 128.25000000000000 1.7500000000000000 1 16 -1 6 404e63509d450000
noise_height_map 128.25000000000000 1.7500000000000000 1 16 0 6 404e632a68340000
noise_height_map 128.25000000000000 1.7500000000000000 1 16 1 6 404e632145a50000
noise_height_map 128.25000000000000 1.7500000000000000 1 16 2 6 404e637018fb0000
noise_height_map 128.25000000000000 1.7500000000000000 1 16 3 6 404e646800b10000
noise_height_map 128.25000000000000 1.7500000000000000 1 16 4 6 404e6652edad0000
noise_height_map 128.25000000000000 1.7500000000000000 1 16 5 6 404e6973dd5d0000
noise_height_map 128.25000000000000 1.7500000000000000 1 16 6 6 404e6e0717d60000
noise_height_map 128.25000000000000 1.7500000000000000 1 16 -9 7 404e3fb86a0d0000
noise_height_map 128.25000000000000 1.7500000000000000 1 16 -8 7 404e35e7c22c0000
noise_height_map 128.25000000000000 1.7500000000000000 1 16 -7 7 404e2dff4bea0000
noise_height_map 128.25000000000000 1.7500000000000000 1 16 -6 7 404e27d604d00000
noise_height_map 128.25000000000000 1.7500000000000000 1 16 -5 7 404e233e3e120000
noise_height_map 128.25000000000000 1.7500000000000000 1 16 -4 7 404e200701410000
noise_height_map 128.25000000000000 1.7500000000000000 1 16 -3 7 404e1df7b8200000
noise_height_map 128.25000000000000 1.7500000000000000 1 16 -2 7 404e1cceb7ea0000
noise_height_map 128.25000000000000 1.7500000000000000 1 16 -1 7 404e1c457f700000
noise_height_map 128.25000000000000 1.7500000000000000 1 16 0 7 404e1c11837f0000
noise_height_map 128.25000000000000 1.7500000000000000 1 16 1 7 404e1bfae6360000
noise_height_map 128.25000000000000 1.7500000000000000 1 16 2 7 404e1c3db78e0000
noise_height_map 128.25000000000000 1.7500000000000000 1 16 3 7 404e1d2c78b30000
noise_height_map 128.25000000000000 1.7500000000000000 1 16 4 7 404e1f126b330000
noise_height_map 128.25000000000000 1.7500000000000000 1 16 5 7 404e2233c5180000
noise_height_map 128.25000000000000 1.7500000000000000 1 16 6 7 404e26ce09140000
noise_height_map 128.25000000000000 1.7500000000000000 1 16 -9 8 404df9b29a9e0000
noise_height_map 128.25000000000000 1.7500000000000000 1 16 -8 8 404defc0cc320000
noise_height_map 128.25000000000000 1.7500000000000000 1 16 -7 8 404de7ba5afa0000
noise_height_map 128.25000000000000 1.7500000000000000 1 16 -6 8 404de175d6480000
noise_height_map 128.25000000000000 1.7500000000000000 1 16 -5 8 404ddcc54b2e0000
noise_height_map 128.25000000000000 1.7500000000000000 1 16 -4 8 404dd977d1440000
noise_height_map 128.25000000000000 1.7500000000000000 1 16 -3 8 404dd753afbc0000
noise_height_map 128.25000000000000 1.7500000000000000 1 16 -2 8 404dd61731cc0000
noise_height_map 128.25000000000000 1.7500000000000000 1 16 -1 8 404dd57bc03a0000
noise_height_map 128.25000000000000 1.7500000000000000 1 16 0 8 404dd535a9400000
noise_height_map 128.25000000000000 1.7500000000000000 1 16 1 8 404dd50d61260000
noise_height_map 128.25000000000000 1.7500000000000000 1 16 2 8 404dd540026a0000
noise_height_map 128.25000000000000 1.7500000000000000 1 16 3 8 404dd6216ee80000
noise_height_map 128.25000000000000 1.7500000000000000 1 16 4 8 404dd7fe44dc0000
noise_height_map 128.25000000000000 1.7500000000000000 1 16 5 8 404ddb1bfaf00000
noise_height_map 128.25000000000000 1.7500000000000000 1 16 6 8 404ddfb9406c0000
noise_height_map 128.25000000000000 1.7500000000000000 1 16 -9 9 404db41dd5980000
noise_height_map 128.25000000000000 1.7500000000000000 1 16 -8 9 404daa0825440000
noise_height_map 128.25000000000000 1.7500000000000000 1 16 -7 9 404da1e07f7a0000
noise_height_map 128.25000000000000 1.7500000000000000 1 16 -6 9 404d9b7da3a40000
noise_height_map 128.25000000000000 1.7500000000000000 1 16 -5 9 404d96b0924e0000
noise_height_map 128.25000000000000 1.7500000000000000 1 16 -4 9 404d934853080000
noise_height_map 128.25000000000000 1.7500000000000000 1 16 -3 9 404d910b51160000
noise_height_map 128.25000000000000 1.7500000000000000 1 16 -2 9 404d8fb6ff420000
noise_height_map 128.25000000000000 1.7500000000000000 1 16 -1 9 404d8f0446120000
noise_height_map 128.25000000000000 1.7500000000000000 1 16 0 9 404d8ea79fd60000
noise_height_map 128.25000000000000 1.7500000000000000 1 16 1 9 404d8e6904980000
noise_height_map 128.25000000000000 1.7500000000000000 1 16 2 9 404d8e86c7720000
noise_height_map 128.25000000000000 1.7500000000000000 1 16 3 9 404d8f5646fe0000
noise_height_map 128.25000000000000 1.7500000000000000 1 16 4 9 404d9125661a0000
noise_height_map 128.25000000000000 1.7500000000000000 1 16 5 9 404d943aec180000
noise_height_map 128.25000000000000 1.7500000000000000 1 16 6 9 404d98d6b4d60000
noise_height_map 128.25000000000000 1.7500000000000000 1 16 -9 10 404d6f0fa7bc0000
noise_height_map 128.25000000000000 1.7500000000000000 1 16 -8 10 404d64d30ffe0000
noise_height_map 128.25000000000000 1.7500000000000000 1 16 -7 10 404d5c86dbf60000
noise_height_map 128.25000000000000 1.7500000000000000 1 16 -6 10 404d56018aee0000
noise_height_map 128.25000000000000 1.7500000000000000 1 16 -5 10 404d5113e1540000
noise_height_map 128.25000000000000 1.7500000000000000 1 16 -4 10 404d4d8c9a920000
noise_height_map 128.25000000000000 1.7500000000000000 1 16 -3 10 404d4b31ddca0000
noise_height_map 128.25000000000000 1.7500000000000000 1 16 -2 10 404d49c0c99c0000
noise_height_map 128.25000000000000 1.7500000000000000 1 16 -1 10 404d48f23e8a0000
noise_height_map 128.25000000000000 1.7500000000000000 1 16 0 10 404d4879aa5e0000
noise_height_map 128.25000000000000 1.7500000000000000 1 16 1 10 404d481fa1700000
noise_height_map 128.25000000000000 1.7500000000000000 1 16 2 10 404d48237b5c0000
noise_height_map 128.25000000000000 1.7500000000000000 1 16 3 10 404d48dbf76c0000
noise_height_map 128.25000000000000 1.7500000000000000 1 16 4 10 404d4a9861320000
noise_height_map 128.25000000000000 1.7500000000000000 1 16 5 10 404d4da0c0a00000
noise_height_map 128.25000000000000 1.7500000000000000 1 16 6 10 404d5236262e0000
noise_height_map 128.25000000000000 1.7500000000000000 1 16 -9 11 404d2a9ed0640000
noise_height_map 128.25000000000000 1.7500000000000000 1 16 -8 11 404d203807980000
noise_height_map 128.25000000000000 1.7500000000000000 1 16 -7 11 404d17c3ab860000
noise_height_map 128.25000000000000 1.7500000000000000 1 16 -6 11 404d1117871e0000
noise_height_map 128.25000000000000 1.7500000000000000 1 16 -5 11 404d0c04e3100000
noise_height_map 128.25000000000000 1.7500000000000000 1 16 -4 11 404d0859e27a0000
noise_height_map 128.25000000000000 1.7500000000000000 1 16 -3 11 404d05dc38440000
noise_height_map 128.25000000000000 1.7500000000000000 1 16 -2 11 404d04495b3a0000
noise_height_map 128.25000000000000 1.7500000000000000 1 16 -1 11 404d03592f600000
noise_height_map 128.25000000000000 1.7500000000000000 1 16 0 11 404d02bf72a80000
noise_height_map 128.25000000000000 1.7500000000000000 1 16 1 11 404d024485500000
noise_height_map 128.25000000000000 1.7500000000000000 1 16 2 11 404d0228f38e0000
noise_height_map 128.25000000000000 1.7500000000000000 1 16 3 11 404d02c4f96a0000
noise_height_map 128.25000000000000 1.7500000000000000 1 16 4 11 404d046943260000
noise_height_map 128.25000000000000 1.7500000000000000 1 16 5 11 404d075f15520000
noise_height_map 128.25000000000000 1.7500000000000000 1 16 6 11 404d0be8c90a0000
noise_height_map 128.25000000000000 1.7500000000000000 1 16 -9 12 404ce6e2cf4a0000
noise_height_map 128.25000000000000 1.7500000000000000 1 16 -8 12 404cdc4e5bb40000
noise_height_map 128.25000000000000 1.7500000000000000 1 16 -7 12 404cd3ade19e0000
noise_height_map 128.25000000000000 1.7500000000000000 1 16 -6 12 404cccd6dbd00000
noise_height_map 128.25000000000000 1.7500000000000000 1 16 -5 12 404cc79a4ed80000
noise_height_map 128.25000000000000 1.7500000000000000 1 16 -4 12 404cc3c691ee0000
noise_height_map 128.25000000000000 1.7500000000000000 1 16 -3 12 404cc12087920000
noise_height_map 128.25000000000000 1.7500000000000000 1 16 -2 12 404cbf65deac0000
noise_height_map 128.25000000000000 1.7500000000000000 1 16 -1 12 404cbe4ea3540000
noise_height_map 128.25000000000000 1.7500000000000000 1 16 0 12 404cbd8dcf1a0000
noise_height_map 128.25000000000000 1.7500000000000000 1 16 1 12 404cbcec1a680000
noise_height_map 128.25000000000000 1.7500000000000000 1 16 2 12 404cbcab4e120000
noise_height_map 128.25000000000000 1.7500000000000000 1 16 3 12 404cbd250ed40000
noise_height_map 128.25000000000000 1.7500000000000000 1 16 4 12 404cbeab69a00000
noise_height_map 128.25000000000000 1.7500000000000000 1 16 5 12 404cc188f7b00000
noise_height_map 128.25000000000000 1.7500000000000000 1 16 6 12 404cc60142b80000
noise_height_map 128.25000000000000 1.7500000000000000 1 16 -9 13 404ca3f418a20000
noise_height_map 128.25000000000000 1.7500000000000000 1 16 -8 13 404c992e80860000
noise_height_map 128.25000000000000 1.7500000000000000 1 16 -7 13 404c905d6a2e0000
noise_height_map 128.25000000000000 1.7500000000000000 1 16 -6 13 404c8956f0b20000
noise_height_map 128.25000000000000 1.7500000000000000 1 16 -5 13 404c83eb78500000
noise_height_map 128.25000000000000 1.7500000000000000 1 16 -4 13 404c7fe944360000
noise_height_map 128.25000000000000 1.7500000000000000 1 16 -3 13 404c7d1573020000
noise_height_map 128.25000000000000 1.7500000000000000 1 16 -2 13 404c7b2d576e0000
noise_height_map 128.25000000000000 1.7500000000000000 1 16 -1 13 404c79e885560000
noise_height_map 128.25000000000000 1.7500000000000000 1 16 0 13 404c78faa6a20000
noise_height_map 128.25000000000000 1.7500000000000000 1 16 1 13 404c782bff820000
noise_height_map 128.25000000000000 1.7500000000000000 1 16 2 13 404c77bfc9820000
noise_height_map 128.25000000000000 1.7500000000000000 1 16 3 13 404c78111a160000
noise_height_map 128.25000000000000 1.7500000000000000 1 16 4 13 404c797366e40000
noise_height_map 128.25000000000000 1.7500000000000000 1 16 5 13 404c7c3299ce0000
noise_height_map 128.25000000000000 1.7500000000000000 1 16 6 13 404c80937d280000
noise_height_map 128.25000000000000 1.7500000000000000 1 16 -9 14 404c61ebc8f40000
noise_height_map 128.25000000000000 1.7500000000000000 1 16 -8 14 404c56f136680000
noise_height_map 128.25000000000000 1.7500000000000000 1 16 -7 14 404c4deb79ca0000
noise_height_map 128.25000000000000 1.7500000000000000 1 16 -6 14 404c46b06a100000
noise_height_map 128.25000000000000 1.7500000000000000 1 16 -5 14 404c4110d7ae0000
noise_height_map 128.25000000000000 1.7500000000000000 1 16 -4 14 404c3cda999c0000
noise_height_map 128.25000000000000 1.7500000000000000 1 16 -3 14 404c39d302920000
noise_height_map 128.25000000000000 1.7500000000000000 1 16 -2 14 404c37b6f5120000
noise_height_map 128.25000000000000 1.7500000000000000 1 16 -1 14 404c363e81360000
noise_height_map 128.25000000000000 1.7500000000000000 1 16 0 14 404c351cd0a60000
noise_height_map 128.25000000000000 1.7500000000000000 1 16 1 14 404c341ab7da0000
noise_height_map 128.25000000000000 1.7500000000000000 1 16 2 14 404c337c98f20000
noise_height_map 128.25000000000000 1.7500000000000000 1 16 3 14 404c339f0a220000
noise_height_map 128.25000000000000 1.7500000000000000 1 16 4 14 404c34d6d5ba0000
noise_height_map 128.25000000000000 1.7500000000000000 1 16 5 14 404c3771464c0000
noise_height_map 128.25000000000000 1.7500000000000000 1 16 6 14 404c3bb45ec80000
noise_height_map 128.25000000000000 1.7500000000000000 1 16 -9 15 404c20e3a91e0000
noise_height_map 128.25000000000000 1.7500000000000000 1 16 -8 15 404c15afda020000
noise_height_map 128.25000000000000 1.7500000000000000 1 16 -7 15 404c0c70d0cc0000
noise_height_map 128.25000000000000 1.7500000000000000 1 16 -6 15 404c04fc787c0000
noise_height_map 128.25000000000000 1.7500000000000000 1 16 -5 15 404bff232d4c0000
noise_height_map 128.25000000000000 1.7500000000000000 1 16 -4 15 404bfab2f64c0000
noise_height_map 128.25000000000000 1.7500000000000000 1 16 -3 15 404bf771363c0000
noise_height_map 128.25000000000000 1.7500000000000000 1 16 -2 15 404bf51ae3a80000
noise_height_map 128.25000000000000 1.7500000000000000 1 16 -1 15 404bf367e2940000
noise_height_map 128.25000000000000 1.7500000000000000 1 16 0 15 404bf20bdce80000
noise_height_map 128.25000000000000 1.7500000000000000 1 16 1 15 404bf0cf8f100000
noise_height_map 128.25000000000000 1.7500000000000000 1 16 2 15 404beff8c3e00000
noise_height_map 128.25000000000000 1.7500000000000000 1 16 3 15 404befe5924c0000
noise_height_map 128.25000000000000 1.7500000000000000 1 16 4 15 404bf0ec25540000
noise_height_map 128.25000000000000 1.7500000000000000 1 16 5 15 404bf35b24380000
noise_height_map 128.25000000000000 1.7500000000000000 1 16 6 15 404bf779ca840000
noise_height_map 128.25000000000000 1.7500000000000000 1 16 -9 16 404be0f5c6200000
noise_height_map 128.25000000000000 1.7500000000000000 1 16 -8 16 404bd584c0780000
noise_height_map 128.25000000000000 1.7500000000000000 1 16 -7 16 404bcc07ac4c0000
noise_height_map 128.25000000000000 1.7500000000000000 1 16 -6 16 404bc4546c980000
noise_height_map 128.25000000000000 1.7500000000000000 1 16 -5 16 404bbe3bc1c80000
noise_height_map 128.25000000000000 1.7500000000000000 1 16 -4 16 404bb98b7ad00000
noise_height_map 128.25000000000000 1.7500000000000000 1 16 -3 16 404bb60902740000
noise_height_map 128.25000000000000 1.7500000000000000 1 16 -2 16 404bb371c77c0000
noise_height_map 128.25000000000000 1.7500000000000000 1 16 -1 16 404bb17db5f00000
noise_height_map 128.25000000000000 1.7500000000000000 1 16 0 16 404bafe017880000
noise_height_map 128.25000000000000 1.7500000000000000 1 16 1 16 404bae6291240000
noise_height_map 128.25000000000000 1.7500000000000000 1 16 2 16 404bad4c1e300000
noise_height_map 128.25000000000000 1.7500000000000000 1 16 3 16 404bacfc46580000
noise_height_map 128.25000000000000 1.7500000000000000 1 16 4 16 404badcaad580000
noise_height_map 128.25000000000000 1.7500000000000000 1 16 5 16 404bb0073b100000
noise_height_map 128.25000000000000 1.7500000000000000 1 16 6 16 404bb3fa8bbc0000
noise_height_map 128.25000000000000 1.7500000000000000 1 16 -9 17 404ba23c49080000
noise_height_map 128.25000000000000 1.7500000000000000 1 16 -8 17 404b9689d2b80000
noise_height_map 128.25000000000000 1.7500000000000000 1 16 -7 17 404b8cca15480000
noise_height_map 128.25000000000000 1.7500000000000000 1 16 -6 17 404b84d29b880000
noise_height_map 128.25000000000000 1.7500000000000000 1 16 -5 17 404b7e746e080000
noise_height_map 128.25000000000000 1.7500000000000000 1 16 -4 17 404b797db3e80000
noise_height_map 128.25000000000000 1.7500000000000000 1 16 -3 17 404b75b430180000
noise_height_map 128.25000000000000 1.7500000000000000 1 16 -2 17 404b72d4f1300000
noise_height_map 128.25000000000000 1.7500000000000000 1 16 -1 17 404b70986b7c0000
noise_height_map 128.25000000000000 1.7500000000000000 1 16 0 17 404b6eb228d40000
noise_height_map 128.25000000000000 1.7500000000000000 1 16 1 17 404b6cec364c0000
noise_height_map 128.25000000000000 1.7500000000000000 1 16 2 17 404b6b8edff80000
noise_height_map 128.25000000000000 1.7500000000000000 1 16 3 17 404b6afb2e440000
noise_height_map 128.25000000000000 1.7500000000000000 1 16 4 17 404b6b8a259c0000
noise_height_map 128.25000000000000 1.7500000000000000 1 16 5 17 404b6d8d1e980000
noise_height_map 128.25000000000000 1.7500000000000000 1 16 6 17 404b714dee100000
noise_height_map 128.25000000000000 1.7500000000000000 1 16 -9 18 404b64d213400000
noise_height_map 128.25000000000000 1.7500000000000000 1 16 -8 18 404b58d9ba100000
noise_height_map 128.25000000000000 1.7500000000000000 1 16 -7 18 404b4ed1f0ac0000
noise_height_map 128.25000000000000 1.7500000000000000 1 16 -6 18 404b4690b21c0000
noise_height_map 128.25000000000000 1.7500000000000000 1 16 -5 18 404b3fe73f0c0000
noise_height_map 128.25000000000000 1.7500000000000000 1 16 -4 18 404b3aa3be9c0000
noise_height_map 128.25000000000000 1.7500000000000000 1 16 -3 18 404b368c1bd00000
noise_height_map 128.25000000000000 1.7500000000000000 1 16 -2 18 404b335dcd740000
noise_height_map 128.25000000000000 1.7500000000000000 1 16 -1 18 404b30d1a8040000
noise_height_map 128.25000000000000 1.7500000000000000 1 16 0 18 404b2e9b3d5c0000
noise_height_map 128.25000000000000 1.7500000000000000 1 16 1 18 404b2c856af80000
noise_height_map 128.25000000000000 1.7500000000000000 1 16 2 18 404b2ad9c5900000
noise_height_map 128.25000000000000 1.7500000000000000 1 16 3 18 404b29fac6480000
noise_height_map 128.25000000000000 1.7500000000000000 1 16 4 18 404b2a42fa500000
noise_height_map 128.25000000000000 1.7500000000000000 1 16 5 18 404b2c04ead80000
noise_height_map 128.25000000000000 1.7500000000000000 1 16 6 18 404b2f8bd56c0000
noise_height_map 128.25000000000000 1.7500000000000000 1 16 -9 19 404b28d191f80000
noise_height_map 128.25000000000000 1.7500000000000000 1 16 -8 19 404b1c8ed3a80000
noise_height_map 128.25000000000000 1.7500000000000000 1 16 -7 19 404b123a3bf00000
noise_height_map 128.25000000000000 1.7500000000000000 1 16 -6 19 404b09a97db40000
noise_height_map 128.25000000000000 1.7500000000000000 1 16 -5 19 404b02ae79f00000
noise_height_map 128.25000000000000 1.7500000000000000 1 16 -4 19 404afd1767cc0000
noise_height_map 128.25000000000000 1.7500000000000000 1 16 -3 19 404af8aa9a800000
noise_height_map 128.25000000000000 1.7500000000000000 1 16 -2 19 404af52609180000
noise_height_map 128.25000000000000 1.7500000000000000 1 16 -1 19 404af242c02c0000
noise_height_map 128.25000000000000 1.7500000000000000 1 16 0 19 404aefb4b1c80000
noise_height_map 128.25000000000000 1.7500000000000000 1 16 1 19 404aed476bc00000
noise_height_map 128.25000000000000 1.7500000000000000 1 16 2 19 404aeb45db780000
noise_height_map 128.25000000000000 1.7500000000000000 1 16 3 19 404aea140adc0000
noise_height_map 128.25000000000000 1.7500000000000000 1 16 4 19 404aea0dcfc00000
noise_height_map 128.25000000000000 1.7500000000000000 1 16 5 19 404aeb8734140000
noise_height_map 128.25000000000000 1.7500000000000000 1 16 6 19 404aeecc9df80000
noise_height_map 128.25000000000000 1.7500000000000000 1 16 -9 20 404aee556a7c0000
noise_height_map 128.25000000000000 1.7500000000000000 1 16 -8 20 404ae1c3c4cc0000
noise_height_map 128.25000000000000 1.7500000000000000 1 16 -7 20 404ad71cdc000000
noise_height_map 128.25000000000000 1.7500000000000000 1 16 -6 20 404ace372b600000
noise_height_map 128.25000000000000 1.7500000000000000 1 16 -5 20 404ac6e403a00000
noise_height_map 128.25000000000000 1.7500000000000000 1 16 -4 20 404ac0f2dc880000
noise_height_map 128.25000000000000 1.7500000000000000 1 16 -3 20 404abc29f9480000
noise_height_map 128.25000000000000 1.7500000000000000 1 16 -2 20 404ab847a9180000
noise_height_map 128.25000000000000 1.7500000000000000 1 16 -1 20 404ab50558c00000
noise_height_map 128.25000000000000 1.7500000000000000 1 16 0 20 404ab21802d00000
noise_height_map 128.25000000000000 1.7500000000000000 1 16 1 20 404aaf4b954c0000
noise_height_map 128.25000000000000 1.7500000000000000 1 16 2 20 404aacec664c0000
noise_height_map 128.25000000000000 1.7500000000000000 1 16 3 20 404aab5ff8780000
noise_height_map 128.25000000000000 1.7500000000000000 1 16 4 20 404aab039a600000
noise_height_map 128.25000000000000 1.7500000000000000 1 16 5 20 404aac2caea00000
noise_height_map 128.25000000000000 1.7500000000000000 1 16 6 20 404aaf28dbf80000
noise_height_map 256.50000000000000 2.2500000000000000 5 -14 -9 5 4061041a18584ccd
noise_height_map 256.50000000000000 2.2500000000000000 5 -14 -8 5 40610c09679eb333
noise_height_map 256.50000000000000 2.2500000000000000 5 -14 -7 5 40610922d64f5333
noise_height_map 256.50000000000000 2.2500000000000000 5 -14 -6 5 406105478a2c6667
noise_height_map 256.50000000000000 2.2500000000000000 5 -14 -5 5 4061107e8cee3999
noise_height_map 256.50000000000000 2.2500000000000000 5 -14 -4 5 40613562d4ca7ccd
noise_height_map 256.50000000000000 2.2500000000000000 5 -14 -3 5 4061737315c1d999
noise_height_map 256.50000000000000 2.2500000000000000 5 -14 -2 5 4061bf41d51db333
noise_height_map 256.50000000000000 2.2500000000000000 5 -14 -1 5 406208865ee76667
noise_height_map 256.50000000000000 2.2500000000000000 5 -14 0 5 4062460f23bc1999
noise_height_map 256.50000000000000 2.2500000000000000 5 -14 1 5 40627f0161d8e667
noise_height_map 256.50000000000000 2.2500000000000000 5 -14 2 5 4062b1d6ab01b333
noise_height_map 256.50000000000000 2.2500000000000000 5 -14 3 5 4062d79e5b6cb333
noise_height_map 256.50000000000000 2.2500000000000000 5 -14 4 5 4062ecdbc46e1999
noise_height_map 256.50000000000000 2.2500000000000000 5 -14 5 5 4062f404ca8e3333
noise_height_map 256.50000000000000 2.2500000000000000 5 -14 6 5 4062f57c85410000
noise_height_map 256.50000000000000 2.2500000000000000 5 -14 -9 6 4061451cd919b333
noise_height_map 256.50000000000000 2.2500000000000000 5 -14 -8 6 406155f1f7f5f333
noise_height_map 256.50000000000000 2.2500000000000000 5 -14 -7 6 406150064ae66667
noise_height_map 256.50000000000000 2.2500000000000000 5 -14 -6 6 40613bb9e6c4e667
noise_height_map 256.50000000000000 2.2500000000000000 5 -14 -5 6 40612d2acb25d999
noise_height_map 256.50000000000000 2.2500000000000000 5 -14 -4 6 406136401da48000
noise_height_map 256.50000000000000 2.2500000000000000 5 -14 -3 6 40615e974cf83333
noise_height_map 256.50000000000000 2.2500000000000000 5 -14 -2 6 4061a151526e5999
noise_height_map 256.50000000000000 2.2500000000000000 5 -14 -1 6 4061f0c1065cb333
noise_height_map 256.50000000000000 2.2500000000000000 5 -14 0 6 40623ffaa6019999
noise_height_map 256.50000000000000 2.2500000000000000 5 -14 1 6 406289c51f3b3333
noise_height_map 256.50000000000000 2.2500000000000000 5 -14 2 6 4062bf2b39c26667
noise_height_map 256.50000000000000 2.2500000000000000 5 -14 3 6 4062d749e211e667
noise_height_map 256.50000000000000 2.2500000000000000 5 -14 4 6 4062d4d5d943cccd
noise_height_map 256.50000000000000 2.2500000000000000 5 -14 5 6 4062c3c0b38db333
noise_height_map 256.50000000000000 2.2500000000000000 5 -14 6 6 4062b570d6313333
noise_height_map 256.50000000000000 2.2500000000000000 5 -14 -9 7 406153ab2da23333
noise_height_map 256.50000000000000 2.2500000000000000 5 -14 -8 7 406168f089ee7667
noise_height_map 256.50000000000000 2.2500000000000000 5 -14 -7 7 40616012fe3ee667
noise_height_map 256.50000000000000 2.2500000000000000 5 -14 -6 7 406140ae754fa667
noise_height_map 256.50000000000000 2.2500000000000000 5 -14 -5 7 406121ae400acccd
noise_height_map 256.50000000000000 2.2500000000000000 5 -14 -4 7 406119caa233cccd
noise_height_map 256.50000000000000 2.2500000000000000 5 -14 -3 7 406135e8362d1999
noise_height_map 256.50000000000000 2.2500000000000000 5 -14 -2 7 4061755723698000
noise_height_map 256.50000000000000 2.2500000000000000 5 -14 -1 7 4061cbf41e7dcccd
noise_height_map 256.50000000000000 2.2500000000000000 5 -14 0 7 40622a29bf663333
noise_height_map 256.50000000000000 2.2500000000000000 5 -14 1 7 4062820c3881e667
noise_height_map 256.50000000000000 2.2500000000000000 5 -14 2 7 4062ba7957638000
noise_height_map 256.50000000000000 2.2500000000000000 5 -14 3 7 4062c8de9c6e8000
noise_height_map 256.50000000000000 2.2500000000000000 5 -14 4 7 4062b47c36518000
noise_height_map 256.50000000000000 2.2500000000000000 5 -14 5 7 406290619f6e9999
noise_height_map 256.50000000000000 2.2500000000000000 5 -14 6 7 406274ce41542667
noise_height_map 256.50000000000000 2.2500000000000000 5 -14 -9 8 406137e931d7bccd
noise_height_map 256.50000000000000 2.2500000000000000 5 -14 -8 8 40614c8c3cb09333
noise_height_map 256.50000000000000 2.2500000000000000 5 -14 -7 8 406141ccaad63333
noise_height_map 256.50000000000000 2.2500000000000000 5 -14 -6 8 40611f763d974ccd
noise_height_map 256.50000000000000 2.2500000000000000 5 -14 -5 8 4060fd70e99d9999
noise_height_map 256.50000000000000 2.2500000000000000 5 -14 -4 8 4060f3d5f153cccd
noise_height_map 256.50000000000000 2.2500000000000000 5 -14 -3 8 406110e708d21999
noise_height_map 256.50000000000000 2.2500000000000000 5 -14 -2 8 406154e596eecccd
noise_height_map 256.50000000000000 2.2500000000000000 5 -14 -1 8 4061b3cadcb10000
noise_height_map 256.50000000000000 2.2500000000000000 5 -14 0 8 40621ce1b7e60000
noise_height_map 256.50000000000000 2.2500000000000000 5 -14 1 8 40627eb1a9dd9999
noise_height_map 256.50000000000000 2.2500000000000000 5 -14 2 8 4062ba7ee72a0000
noise_height_map 256.50000000000000 2.2500000000000000 5 -14 3 8 4062c47322ff4ccd
noise_height_map 256.50000000000000 2.2500000000000000 5 -14 4 8 4062a61c98b26667
noise_height_map 256.50000000000000 2.2500000000000000 5 -14 5 8 4062766718f38ccd
noise_height_map 256.50000000000000 2.2500000000000000 5 -14 6 8 4062516ab3e1e667
noise_height_map 256.50000000000000 2.2500000000000000 5 -14 -9 9 406101e368695433
noise_height_map 256.50000000000000 2.2500000000000000 5 -14 -8 9 406111d0eaef3333
noise_height_map 256.50000000000000 2.2500000000000000 5 -14 -7 9 4061066f00374ccd
noise_height_map 256.50000000000000 2.2500000000000000 5 -14 -6 9 4060e888d8cc9999
noise_height_map 256.50000000000000 2.2500000000000000 5 -14 -5 9 4060cf69514d9999
noise_height_map 256.50000000000000 2.2500000000000000 5 -14 -4 9 4060d18867511999
noise_height_map 256.50000000000000 2.2500000000000000 5 -14 -3 9 4060fb1a289f4ccd
noise_height_map 256.50000000000000 2.2500000000000000 5 -14 -2 9 40614a7e296a3333
noise_height_map 256.50000000000000 2.2500000000000000 5 -14 -1 9 4061b28fba07e667
noise_height_map 256.50000000000000 2.2500000000000000 5 -14 0 9 406222d776220667
noise_height_map 256.50000000000000 2.2500000000000000 5 -14 1 9 40628ad6b7294ccd
noise_height_map 256.50000000000000 2.2500000000000000 5 -14 2 9 4062ca3e43509999
noise_height_map 256.50000000000000 2.2500000000000000 5 -14 3 9 4062d456ef883333
noise_height_map 256.50000000000000 2.2500000000000000 5 -14 4 9 4062b30ad12e4ccd
noise_height_map 256.50000000000000 2.2500000000000000 5 -14 5 9 40627e4a9a3c4ccd
noise_height_map 256.50000000000000 2.2500000000000000 5 -14 6 9 406253664b623333
noise_height_map 256.50000000000000 2.2500000000000000 5 -14 -9 10 4060ba3499af8667
noise_height_map 256.50000000000000 2.2500000000000000 5 -14 -8 10 4060c3aa913bc999
noise_height_map 256.50000000000000 2.2500000000000000 5 -14 -7 10 4060b7b26d3ff000
noise_height_map 256.50000000000000 2.2500000000000000 5 -14 -6 10 4060a0702388c000
noise_height_map 256.50000000000000 2.2500000000000000 5 -14 -5 10 4060941b10f99999
noise_height_map 256.50000000000000 2.2500000000000000 5 -14 -4 10 4060a68d276a9999
noise_height_map 256.50000000000000 2.2500000000000000 5 -14 -3 10 4060e0bb7a763333
noise_height_map 256.50000000000000 2.2500000000000000 5 -14 -2 10 40613e176e580000
noise_height_map 256.50000000000000 2.2500000000000000 5 -14 -1 10 4061afd893bbcccd
noise_height_map 256.50000000000000 2.2500000000000000 5 -14 0 10 4062262fc9029999
noise_height_map 256.50000000000000 2.2500000000000000 5 -14 1 10 406293445a139999
noise_height_map 256.50000000000000 2.2500000000000000 5 -14 2 10 4062d6ccbfd33333
noise_height_map 256.50000000000000 2.2500000000000000 5 -14 3 10 4062e344038c0000
noise_height_map 256.50000000000000 2.2500000000000000 5 -14 4 10 4062c20c78dd3333
noise_height_map 256.50000000000000 2.2500000000000000 5 -14 5 10 40628ae77e558000
noise_height_map 256.50000000000000 2.2500000000000000 5 -14 6 10 40625b52d5ad3333
noise_height_map 256.50000000000000 2.2500000000000000 5 -14 -9 11 406052ec52778000
noise_height_map 256.50000000000000 2.2500000000000000 5 -14 -8 11 40605274c41af333
noise_height_map 256.50000000000000 2.2500000000000000 5 -14 -7 11 4060429f57be8ccd
noise_height_map 256.50000000000000 2.2500000000000000 5 -14 -6 11 40602f8f7e067999
noise_height_map 256.50000000000000 2.2500000000000000 5 -14 -5 11 40602ef8f6e87999
noise_height_map 256.50000000000000 2.2500000000000000 5 -14 -4 11 40605236459e8000
noise_height_map 256.50000000000000 2.2500000000000000 5 -14 -3 11 40609e8eae2c9999
noise_height_map 256.50000000000000 2.2500000000000000 5 -14 -2 11 40610babfa65cccd
noise_height_map 256.50000000000000 2.2500000000000000 5 -14 -1 11 4061883f1ce1cccd
noise_height_map 256.50000000000000 2.2500000000000000 5 -14 0 11 406204d50df79999
noise_height_map 256.50000000000000 2.2500000000000000 5 -14 1 11 40627798daa1b333
noise_height_map 256.50000000000000 2.2500000000000000 5 -14 2 11 4062c279b9c8cccd
noise_height_map 256.50000000000000 2.2500000000000000 5 -14 3 11 4062d6bf6f94cccd
noise_height_map 256.50000000000000 2.2500000000000000 5 -14 4 11 4062bb474ff93333
noise_height_map 256.50000000000000 2.2500000000000000 5 -14 5 11 406285788ad06667
noise_height_map 256.50000000000000 2.2500000000000000 5 -14 6 11 406251931a3e3333
noise_height_map 256.50000000000000 2.2500000000000000 5 -14 -9 12 405fb788228a9999
noise_height_map 256.50000000000000 2.2500000000000000 5 -14 -8 12 405f9855b11a9999
noise_height_map 256.50000000000000 2.2500000000000000 5 -14 -7 12 405f658808f39999
noise_height_map 256.50000000000000 2.2500000000000000 5 -14 -6 12 405f3d24954d9999
noise_height_map 256.50000000000000 2.2500000000000000 5 -14 -5 12 405f4bb58dc10000
noise_height_map 256.50000000000000 2.2500000000000000 5 -14 -4 12 405fb02601eb8000
noise_height_map 256.50000000000000 2.2500000000000000 5 -14 -3 12 406036a594402667
noise_height_map 256.50000000000000 2.2500000000000000 5 -14 -2 12 4060b48da5c50000
noise_height_map 256.50000000000000 2.2500000000000000 5 -14 -1 12 40613cc81230cccd
noise_height_map 256.50000000000000 2.2500000000000000 5 -14 0 12 4061bf9bf9e66667
noise_height_map 256.50000000000000 2.2500000000000000 5 -14 1 12 406238d5727d0ccd
noise_height_map 256.50000000000000 2.2500000000000000 5 -14 2 12 40628fdffdbe1999
noise_height_map 256.50000000000000 2.2500000000000000 5 -14 3 12 4062b438f8f6cccd
noise_height_map 256.50000000000000 2.2500000000000000 5 -14 4 12 4062a72dd79a7999
noise_height_map 256.50000000000000 2.2500000000000000 5 -14 5 12 4062787901169999
noise_height_map 256.50000000000000 2.2500000000000000 5 -14 6 12 406240edcef30000
noise_height_map 256.50000000000000 2.2500000000000000 5 -14 -9 13 405ef4dccdd93333
noise_height_map 256.50000000000000 2.2500000000000000 5 -14 -8 13 405eaebbe87f9999
noise_height_map 256.50000000000000 2.2500000000000000 5 -14 -7 13 405e5d2826f99999
noise_height_map 256.50000000000000 2.2500000000000000 5 -14 -6 13 405e251365ca6667
noise_height_map 256.50000000000000 2.2500000000000000 5 -14 -5 13 405e36a3c2639999
noise_height_map 256.50000000000000 2.2500000000000000 5 -14 -4 13 405eaf28c2d19999
noise_height_map 256.50000000000000 2.2500000000000000 5 -14 -3 13 405f8ab628efe667
noise_height_map 256.50000000000000 2.2500000000000000 5 -14 -2 13 406052b1ae00b333
noise_height_map 256.50000000000000 2.2500000000000000 5 -14 -1 13 4060e617a2cd9999
noise_height_map 256.50000000000000 2.2500000000000000 5 -14 0 13 40616ec4d1b13333
noise_height_map 256.50000000000000 2.2500000000000000 5 -14 1 13 4061eeef9be86667
noise_height_map 256.50000000000000 2.2500000000000000 5 -14 2 13 4062563e3d257333
noise_height_map 256.50000000000000 2.2500000000000000 5 -14 3 13 406291e7259d4ccd
noise_height_map 256.50000000000000 2.2500000000000000 5 -14 4 13 40629afc5c4fad99
noise_height_map 256.50000000000000 2.2500000000000000 5 -14 5 13 4062789cb7e91999
noise_height_map 256.50000000000000 2.2500000000000000 5 -14 6 13 40623e3dff506667
noise_height_map 256.50000000000000 2.2500000000000000 5 -14 -9 14 405e9ecabd7e0000
noise_height_map 256.50000000000000 2.2500000000000000 5 -14 -8 14 405e2e6eb8513333
noise_height_map 256.50000000000000 2.2500000000000000 5 -14 -7 14 405db68cc8760000
noise_height_map 256.50000000000000 2.2500000000000000 5 -14 -6 14 405d6321c62b9999
noise_height_map 256.50000000000000 2.2500000000000000 5 -14 -5 14 405d69e9e556cccd
noise_height_map 256.50000000000000 2.2500000000000000 5 -14 -4 14 405de92227533333
noise_height_map 256.50000000000000 2.2500000000000000 5 -14 -3 14 405ed83f094e0000
noise_height_map 256.50000000000000 2.2500000000000000 5 -14 -2 14 4060054c1bedcccd
noise_height_map 256.50000000000000 2.2500000000000000 5 -14 -1 14 4060a2047a4f4000
noise_height_map 256.50000000000000 2.2500000000000000 5 -14 0 14 40612fc3001a9999
noise_height_map 256.50000000000000 2.2500000000000000 5 -14 1 14 4061b6c9f0483333
noise_height_map 256.50000000000000 2.2500000000000000 5 -14 2 14 406230442ee4e667
noise_height_map 256.50000000000000 2.2500000000000000 5 -14 3 14 406286ef80e11333
noise_height_map 256.50000000000000 2.2500000000000000 5 -14 4 14 4062aa43deff7333
noise_height_map 256.50000000000000 2.2500000000000000 5 -14 5 14 4062973b1c444ccd
noise_height_map 256.50000000000000 2.2500000000000000 5 -14 6 14 40625ae29b459999
noise_height_map 256.50000000000000 2.2500000000000000 5 -14 -9 15 405ecc2977226667
noise_height_map 256.50000000000000 2.2500000000000000 5 -14 -8 15 405e356bfa006667
noise_height_map 256.50000000000000 2.2500000000000000 5 -14 -7 15 405d96fb1eb4cccd
noise_height_map 256.50000000000000 2.2500000000000000 5 -14 -6 15 405d22df4f5f3333
noise_height_map 256.50000000000000 2.2500000000000000 5 -14 -5 15 405d15380ff46667
noise_height_map 256.50000000000000 2.2500000000000000 5 -14 -4 15 405d8f3099ca6667
noise_height_map 256.50000000000000 2.2500000000000000 5 -14 -3 15 405e8627ce2c0000
noise_height_map 256.50000000000000 2.2500000000000000 5 -14 -2 15 405fc709205e6667
noise_height_map 256.50000000000000 2.2500000000000000 5 -14 -1 15 406086eb708d4000
noise_height_map 256.50000000000000 2.2500000000000000 5 -14 0 15 406118b347ff9999
noise_height_map 256.50000000000000 2.2500000000000000 5 -14 1 15 4061a5d9c6d3cccd
noise_height_map 256.50000000000000 2.2500000000000000 5 -14 2 15 4062308ef8d0cccd
noise_height_map 256.50000000000000 2.2500000000000000 5 -14 3 15 4062a1454c416667
noise_height_map 256.50000000000000 2.2500000000000000 5 -14 4 15 4062de3397663333
noise_height_map 256.50000000000000 2.2500000000000000 5 -14 5 15 4062da7f4c93cccd
noise_height_map 256.50000000000000 2.2500000000000000 5 -14 6 15 40629cf5762cfb33
noise_height_map 256.50000000000000 2.2500000000000000 5 -14 -9 16 405f60fdef6f3333
noise_height_map 256.50000000000000 2.2500000000000000 5 -14 -8 16 405eae9751706667
noise_height_map 256.50000000000000 2.2500000000000000 5 -14 -7 16 405df1c20dec6667
noise_height_map 256.50000000000000 2.2500000000000000 5 -14 -6 16 405d60be35c8cccd
noise_height_map 256.50000000000000 2.2500000000000000 5 -14 -5 16 405d3d52631c6667
noise_height_map 256.50000000000000 2.2500000000000000 5 -14 -4 16 405dac4cc3cf3333
noise_height_map 256.50000000000000 2.2500000000000000 5 -14 -3 16 405ea2f9acb73333
noise_height_map 256.50000000000000 2.2500000000000000 5 -14 -2 16 405fea8eb3179999
noise_height_map 256.50000000000000 2.2500000000000000 5 -14 -1 16 40609cc515d29999
noise_height_map 256.50000000000000 2.2500000000000000 5 -14 0 16 40613183d2ad8000
noise_height_map 256.50000000000000 2.2500000000000000 5 -14 1 16 4061c37ec3863333
noise_height_map 256.50000000000000 2.2500000000000000 5 -14 2 16 40625bd79042f999
noise_height_map 256.50000000000000 2.2500000000000000 5 -14 3 16 4062e13a1d1b0000
noise_height_map 256.50000000000000 2.2500000000000000 5 -14 4 16 406332947d31cccd
noise_height_map 256.50000000000000 2.2500000000000000 5 -14 5 16 40633b4a4ab90000
noise_height_map 256.50000000000000 2.2500000000000000 5 -14 6 16 4062fd346c7acccd
noise_height_map 256.50000000000000 2.2500000000000000 5 -14 -9 17 40600e5da5a29999
noise_height_map 256.50000000000000 2.2500000000000000 5 -14 -8 17 405f5db425c2cccd
noise_height_map 256.50000000000000 2.2500000000000000 5 -14 -7 17 405e914d2adf3333
noise_height_map 256.50000000000000 2.2500000000000000 5 -14 -6 17 405defdd40cb9999
noise_height_map 256.50000000000000 2.2500000000000000 5 -14 -5 17 405dbeb9fdd33333
noise_height_map 256.50000000000000 2.2500000000000000 5 -14 -4 17 405e2575892a0000
noise_height_map 256.50000000000000 2.2500000000000000 5 -14 -3 17 405f1a1a6a900000
noise_height_map 256.50000000000000 2.2500000000000000 5 -14 -2 17 406032328df2cccd
noise_height_map 256.50000000000000 2.2500000000000000 5 -14 -1 17 4060dbfd31e74ccd
noise_height_map 256.50000000000000 2.2500000000000000 5 -14 0 17 406172ce1c1afccd
noise_height_map 256.50000000000000 2.2500000000000000 5 -14 1 17 4062080c30eee667
noise_height_map 256.50000000000000 2.2500000000000000 5 -14 2 17 4062a8d2e9940000
noise_height_map 256.50000000000000 2.2500000000000000 5 -14 3 17 40633ac0222d9999
noise_height_map 256.50000000000000 2.2500000000000000 5 -14 4 17 406398768f9c0000
noise_height_map 256.50000000000000 2.2500000000000000 5 -14 5 17 4063a8c6cd426667
noise_height_map 256.50000000000000 2.2500000000000000 5 -14 6 17 40636a9c08fccccd
noise_height_map 256.50000000000000 2.2500000000000000 5 -14 -9 18 40605fbcbb463333
noise_height_map 256.50000000000000 2.2500000000000000 5 -14 -8 18 4060010f1ce36666
noise_height_map 256.50000000000000 2.2500000000000000 5 -14 -7 18 405f361870306667
noise_height_map 256.50000000000000 2.2500000000000000 5 -14 -6 18 405e9415b7406667
noise_height_map 256.50000000000000 2.2500000000000000 5 -14 -5 18 405e626e7a6c0000
noise_height_map 256.50000000000000 2.2500000000000000 5 -14 -4 18 405ec99edb439999
noise_height_map 256.50000000000000 2.2500000000000000 5 -14 -3 18 405fc0123b759999
noise_height_map 256.50000000000000 2.2500000000000000 5 -14 -2 18 4060869fceb59999
noise_height_map 256.50000000000000 2.2500000000000000 5 -14 -1 18 4061320bec31e667
noise_height_map 256.50000000000000 2.2500000000000000 5 -14 0 18 4061ca62cee08667
noise_height_map 256.50000000000000 2.2500000000000000 5 -14 1 18 406261846dedb333
noise_height_map 256.50000000000000 2.2500000000000000 5 -14 2 18 406305c43039cccd
noise_height_map 256.50000000000000 2.2500000000000000 5 -14 3 18 40639c5e89059999
noise_height_map 256.50000000000000 2.2500000000000000 5 -14 4 18 4063fe902bbd3333
noise_height_map 256.50000000000000 2.2500000000000000 5 -14 5 18 406411af401b9999
noise_height_map 256.50000000000000 2.2500000000000000 5 -14 6 18 4063d3b47bca0000
noise_height_map 256.50000000000000 2.2500000000000000 5 -14 -9 19 4060a2325b813333
noise_height_map 256.50000000000000 2.2500000000000000 5 -14 -8 19 406047c75cf7cccd
noise_height_map 256.50000000000000 2.2500000000000000 5 -14 -7 19 405fcc1c4f180000
noise_height_map 256.50000000000000 2.2500000000000000 5 -14 -6 19 405f323f68a26667
noise_height_map 256.50000000000000 2.2500000000000000 5 -14 -5 19 405f07e023926667
noise_height_map 256.50000000000000 2.2500000000000000 5 -14 -4 19 405f752da70e6667
noise_height_map 256.50000000000000 2.2500000000000000 5 -14 -3 19 4060383bd6af3333
noise_height_map 256.50000000000000 2.2500000000000000 5 -14 -2 19 4060e0a79b586667
noise_height_map 256.50000000000000 2.2500000000000000 5 -14 -1 19 40618d77c7833333
noise_height_map 256.50000000000000 2.2500000000000000 5 -14 0 19 406226f78dbd8533
noise_height_map 256.50000000000000 2.2500000000000000 5 -14 1 19 4062bf2f93213333
noise_height_map 256.50000000000000 2.2500000000000000 5 -14 2 19 40636459887f9999
noise_height_map 256.50000000000000 2.2500000000000000 5 -14 3 19 4063fb999acb9999
noise_height_map 256.50000000000000 2.2500000000000000 5 -14 4 19 40645e24bd600000
noise_height_map 256.50000000000000 2.2500000000000000 5 -14 5 19 4064715454620000
noise_height_map 256.50000000000000 2.2500000000000000 5 -14 6 19 4064332a05f0cccd
noise_height_map 256.50000000000000 2.2500000000000000 5 -14 -9 20 4060eeb7fb9fcccd
noise_height_map 256.50000000000000 2.2500000000000000 5 -14 -8 20 40609c1b2ea30000
noise_height_map 256.50000000000000 2.2500000000000000 5 -14 -7 20 406042daa7d7cccd
noise_height_map 256.50000000000000 2.2500000000000000 5 -14 -6 20 405ffbb76bf8cccd
noise_height_map 256.50000000000000 2.2500000000000000 5 -14 -5 20 405fdd3d81d19999
noise_height_map 256.50000000000000 2.2500000000000000 5 -14 -4 20 4060285262ba6667
noise_height_map 256.50000000000000 2.2500000000000000 5 -14 -3 20 4060a621f3eb9999
noise_height_map 256.50000000000000 2.2500000000000000 5 -14 -2 20 40614cbefbdd1999
noise_height_map 256.50000000000000 2.2500000000000000 5 -14 -1 20 4061f7260e7b8000
noise_height_map 256.50000000000000 2.2500000000000000 5 -14 0 20 40628e9ebe6e9999
noise_height_map 256.50000000000000 2.2500000000000000 5 -14 1 20 40632482d6e14ccd
noise_height_map 256.50000000000000 2.2500000000000000 5 -14 2 20 4063c54b7e7d6667
noise_height_map 256.50000000000000 2.2500000000000000 5 -14 3 20 406455f41de83333
noise_height_map 256.50000000000000 2.2500000000000000 5 -14 4 20 4064b0b71926cccd
noise_height_map 256.50000000000000 2.2500000000000000 5 -14 5 20 4064bc58252c6667
noise_height_map 256.50000000000000 2.2500000000000000 5 -14 6 20 40647812f0679999
# samples 512
